-167-

conjunctivus 16611, 169, 196,199, 966166611691616661. ,191,155,161.

· 116,158, 161.

consequens 1666, 91, 155, 161.

consignificantia, 118, 169.

consonano, 5, 19, 50, 51 666.,159,
163.

constructio, 118, 156.

666166116, 89, 169.

. continens nom., 81, 155.

continuativa 6661, 116, 169.
6661166616616, 115, 169.
convinctio, 137,159, 163.
666616 (66661, 79, 161.
666616 (cont), 196, 155, 169.
copulativa oonj.‚137 666, 158, 169.
copulatum 166, 79, 155, 161.
Corporale 6661, , 85 , 159.
66116616 6111, 56, 156, 163.
correpta 16661, 56, 156.
61611666 nom., 85, 159 666.

Dandi 66666, 67, 151, 169.
96616, 117, 151.
9611166, 67, 159, 158, 169.
9666696661 16111, 119, 157.
9669661116 vocab„ 71, 158.
9661161116, 69, 169.
9661166116, 69, 111, 115, 151169.
9661166166 166, , 77.
9661166166, 79, 158, 169.
9666666611661 166, 78, 169.
9666611166166, 76, 159.
96666166 166, 76.
9616691661611, 111, 158.
969619166 6611, 161, 116, 155.
9666669166 adv„ 133, 191, 166.
9661661116 sorni. 16111, 191, 156.
961616691661661, 135, 156.
9661611166616661, 85 66, 157,
169 66,
[inminutum nom., 85, 153, 169 66.
9666661166ᾱὶ adn, 99.

96666696111661 666. 91.

966166611691616 6166, 199, 155,
161.

9666616611166 166, 78, 111,169,
161.

966616661619, 19, 118, 159, 161,
161.

9666611116111611, 119, 157.

966166611166 16611, 119.

961166ίί116 166, 77, 86, 196,
157, 161.

9611661611 166, 77, 111, 163.

9661116161166161. 16111, 111, 157,
161, 161.

96616616111661611, 111, 157.

91661616, 117, 151.

9161166616661, 56, 151.

916116, 58, 155, 168.

9166161661 nom., 81, 151.

9166966666, 51, 151, 169. “

91616166 nom., 71, 151.

91661611166661, 135, 169.

9166169166 6166, 197, 166.

91661611166 16111, 191, 157.

916619166661, 111, 166.

9161666116, 117, 156.

916166611166661, 197 666, 156,
169.

9166666611 oonj. , 19766, 151, 169,

916661991661 nom., 87, 158.

9166661116111155. ⁴

9161166116,118,155. Α

9161666916 conj. ‚ 119, 157.

91616169166666, 87,158, 161.ι

9161116966, 57, 151, 163.

911616169616, 89, 159.

Dividuom nom., 87, 155.

linaiis, 63, 158, 163.

9691166111, 616, acin, 99,133.

9611166111 coni, 197 66, 151, 163.

96111611166661, 111, 158.

 

