-168-

005110110000 adv„ 133, 135, 158.
1100110170οε moti, 106, 110, 158.
Duplex 0000, 51, 156.

81100000 coni, 111, 155.

51001100 coni, 111, 157.
8700001000, 17 00, 153, 161.
epicenon, 61, 151, 103.
Epitheton 0000, 88, 151.

Exacta spec. temp, 100, 153.
5001000010 vox, ii 00., 153, 163.
150ρὶ000000 000, 15, 157.
1100101700 oeni, 138 00., 153, 163.
Extrinsecus, 138 00.

Faciendi 00010, 115, 151, 163.

Faciem 0000, 76, 153, 163.

800601001000101, 77, 153, 103.

facticium 10000001), 81, 155.

iactum de verbo, 78, 151.

100100100160, 81.

insipiam, 116, 153,

fatendi modus, 101, 103, 151, 163.

1000001000000, 71, 153, 103.

Femininum gen„ 00, 155, 163.

ficium nom. 00000, 81, 153.

i'inelis disi, 118, 158.

1001000001, 113, 153, 103.

finitivum 000. temp, 135, 155,
163.

Finitivus mod., 103 00, 103,155.

1105110000000, 136, 155.

Finitus 001, 131, 155, 163.

Finitus mod„ 103, 155.

Fixum nom., 63, 153, 161.

flexus 000, 116, 153, 163.

Forma 00000110, 71, 153.

Forma 00010, 130 000, 153.

700000010710010000.0000, 131, 156,
161, 163.

1000000000οἾ 133, 153.

Futurum temp, 31, 33, 151, 103.

60000010 nom„ 31, 155.
60006000 000, 10, 66, 155, 163.
0001710 uem„ 83, 155. =
Gentis, 010, nom, 83.
0001700000, 130, 151.

60000 nom, 53 000, 151, 163.
Genus verb.. 113 000, 153, 163.
6000010000, 108, 110, 153.
0000000· moi, 108, 110, 153.

Geminei mod. (imperati, 105, 153.
0000001000, 108 000. ,1 57, 161, 161.
Gradus 0000000001, 87, 83 sq„ 153,

161, 163.
6000001100, 8, 13 00, 151, 163.
6000000110οε, 13 00, 151, 183.
6000000000, 13, 151.
6000100000, 116, 151.

1100107000ιο0τῦ., 116 sq.. 157, 161.

1101000011100 nom„ 8ο, 151.
110000101000000, 73, 151.

1100000000οω 0000.,73,151, 103 sq. ’

11οο10001 adv„ 33.

florendi mod„ 105,110, 151.
80010110000010, 131, 151.

1100101100000001)., 133, 153.
11οο1011000 mod„ 105, 110,151.
Hyphen, 117, 151.
5100000ήο000, 85, 151.

11101700 coni, 110, 153.

illitterata vox, 16, 156.

immutabilis 0000, 5100, 156.

imparilitas, 113, 157.

imperandi spec„ 101 , 105, 163.

imperativus 0000, 103, 105, 103
00.,158, 161.

imperativi 10100000, 37 00.

1000010010010000.,31, 33 000.,158,
163, 181.

impersonale 001 impersonalis mod.
1000.01000.1,103,110, 118,156.

 

