-112-

Praeteritum 16166, 91, 39 666, 155, Quasi 611 aliquid dictum, 85, 151.

162. 06661 (1666661166 16116. 1611), 121,
Proecerliutn, 112, 111,157,162. 156.

116661166161611), 122, 157. 0661616611616161. 666, 73,153.
111166 661666, 91, 162. 061661161616). 666, 73, 153.
primigenium 66666, 76, 111, 156, Quinquepertita form. cas.,73,153.

162.

Primlllvum 6166,, 126, 155, 8611661661176 conj. , 137 666.,155,
Ρῐίι611ἰν66116661).,76,86,111,155. 163. ,
Primitivus 61611, 30, 153, 161. Rationalis 6661, 138 66, 155.
1616666161, 18, 83, 153, 162. 8661616666 6166,, 128, 155.

Princeps 1111, 51, 162. 86616166661611), 126, 155.
Principale 6166,, 126, 155. llecorclcliva 6666. temp. 96, 39 66, 1
Principale 16661), 75, 111, 155, 157.

163. ’ Rectum 1611), 115, 151, 162.
Principalis couj., 113, 153, 163. Rectus 666, 65, 151, 151,162.
1111611166) 6766, 130,157. Rectus 16611, 101, 151, 162.

11616616 syn„ 56, 155. 1166610166) 6166,, 136, 159.
11611661616661, 50, 155, 162. 8611661116616166, 128, 159.
1166156611, 616,,6111., 29, 133. 86161176 cd aliquid conj„ 13766,
1166166666 gen„ 61, 155, 163, 157, 163.

1166661161666661, 113, 157. 8616111616 6166,, 129, 159,163.
Promis-sicus 6161, 95, 99 66.,110, 3661161666 6117, 135, 152.

157. “ 1166161116 conl, 138 66, 153,163.
11666666, 123 666, 153, 162. 866666166616111, 29.
1166661161116616611, 153 66.,109 8666666166ᾶί 6666, 101, 182. .

66, 158. 1161666116616 6166, 139, 157.
3666661661, 77, 153, 162. , 11611666111661176166, 128,157.
Proprium nom.‚ 71, 80 66, 86, 153, livida 1111, 51, 158.

163. 11666661 6666166, 101, 165,162.
11666616, 115,151, 162. Rusticus sermo, 118, 153. ,
6666666666, 161 66, 166161. · t
Psile, 117, 151. 861616161166 666, 66, 155.
Punctum, llll, 151. 8611611116 vox, 11 66, 150, 156153. ,

secunda 6616, 93, 162.
occadripertila lorm. 666, 78, 153. Secundus 6160, 8, 89, 153, 162.
Quadrisyllabus, 58, 153, 162. 86616661166166166, 130, 157.
116611166102, 153, 153. 861616666 6666, 52, 159.
0661116116, 616, adv„ 29,133,163. 8661666666, 52, 159.
06611161166166, 130, 151. semivocalis, 5, 13, 52 66, 159, 162.
0666016116 adv„ 29, 133, 163. 3666116 16116. 666, 73, 153. l
116661116116 6166, 130, 151. , separativum verb. , 122,157.

2

 

