-169-

impersonale verb„ 118 sq„ 157,
161,161.
irrepet-corrutione mod„ 107, 157.
11116611101661 6661, 87, 159. ,
irrrpoaa'tictam voa, 13, 57, 76, 157,
161.
1111666111111111 roc, 70, 118, 157,
160,163.
11166611616166, 76, 161.
16666616 voc, 80, 156.
inarticulata 161,16 sq„ 157, 161.
inchoativa spec. 161116, 95. 99 66,
161, 161.
166166116616116111,111,157,161,
161. .
1.161166166116116.,16, 161, 161.
incitamentum, 70, 156, 161.
Inclinatio, 101, 155.
111606611161116166., 117.
1660661670, 156, 161.
1660661616 voc, 77.
1661166166, 70, 158.
11166166111666111, 86, 151.
1666660166 aaa„ 68, 158.
indeclinabile 66111, 71 sq, 156,Ι
161.
1666061166 mod, 106, 160,163.
Iudicandi 16111, 101, 151, 161.
16111660111611161, 101, 109616, 158,
163.
Indignandi adv, 131. ,
11161616116660111, 113, 157.

¹ luteciam 16111, 91, 155, 161.
, tuttuitivum adv. 16166, 135, 159,

103.
1606101616 61611, 130,157.
infinitivum 16111, 109, 157.
infinitivus 11161.,103, 107, 109 sq„
100, 163.
intinitum nom, 91, 155.
indutiomarum, 116, 119, 155.
16061166611.,111, 155, 161.

latinitas mod, 103, 107, 109616,
156, 161 aq.

inflexas 666, 116, 153.

inlativa coni, 138, 157, 163.

inquisittnnn 16111, 111. 157.

1666116006 vox, 16, 160. ,

161666160111161166,111,157, 161. κ

. 16616610661116611166, 107,160.

1666666666, 51, 159.

1666666666116, 51, 159.

1661666 16616, 93 so, cc 611, 155,
161.

, integrum 66111, 85.

luteliegibiiis 161, ta, 153.
intentivum adv, itt, 150.
interiectio, 115, 157,161, 163.

, interpunctio, 115 squ, 157,161..

interrogandi adv, 19,
111161166611111666, 67, 153, 101.

. interrogativa cani, 111. 113, 158.

161611666111111116111, 131, 156.

interrogativum 66111, 91.

interrogativum prou, 119 aa„ 158,
161.

interrogativum 16111, 111, 157.

, interrogativas mod, 105, 157.

intransitivum 16111, 111, 159, 161.
intrinsecae, 118.
1161611661616116111,111,157,161.

16660166 mod, 106, 110, 158.
iungendi 166611, 136151, 161.
turatt'aum 661, 131, tta.

1611661666, 6, 68, 151, 161.
1661611611616111, tat, tar. ,
Levis 6666, 56, 151.

liquida 6666, 51, 151, 163.
116610616661, 50, 151.

Littera, 17 616, 151, 161,
Litterarum 6616166, 19. , “

. 1111616116 161, 15, 158.

 

